输出老师的个数和老师各自的序号
0 夏智
1 郝培德
2 郭婷
3 李友兴
4 夏如意
5 余林
6 王瑞
7 吴红渠
8 杨胜
9 1
10 吴佳琪
11 邱曙逵
12 杨朝阳
13 许晶明
14 周洁
15 张必安
16 张辉平
17 高艳
18 吴承玫
19 杨冬明
20 方晔
21 2
22 代莉
23 张志强
24 吴谦
25 3
26 胡满
27 刘振
28 4
29 周邦
30 许国全
31 方梦婧
32 王畅
33 张强
34 曾子成
35 5
36 李成
37 孙振宁
38 6
39 李叶笛
40 楼雄鹏
41 周景升
42 7
43 杜华
44 8
45 赵彬
46 庞顺兴
47 周似旦
48 朱又学
49 吴梦霞
50 陆丹弘
51 徐俊全
52 9
53 陈恺
54 杜持红
55 10
56 汪洁
57 弋宗江
58 葛岭佳
59 11
60 12


输出每个科目的下有哪些老师
0 语文
0 夏智
13 许晶明
22 代莉
30 许国全
39 李叶笛
56 汪洁

1 数学
1 郝培德
14 周洁
23 张志强
26 胡满
40 楼雄鹏
46 庞顺兴
57 弋宗江

2 英语
2 郭婷
15 张必安
31 方梦婧
41 周景升
47 周似旦
58 葛岭佳

3 物理
3 李友兴
16 张辉平
32 王畅
36 李成
53 陈恺

4 化学
4 夏如意
17 高艳
27 刘振
33 张强
48 朱又学

5 生物
5 余林
18 吴承玫
24 吴谦
49 吴梦霞

6 政治
6 王瑞
34 曾子成
50 陆丹弘

7 历史
7 吴红渠
19 杨冬明
51 徐俊全

8 地理
8 杨胜
20 方晔
37 孙振宁
54 杜持红

9 体育
9 1
21 2
25 3
28 4
35 5
38 6
42 7
44 8
52 9
55 10
59 11
60 12

10 心理
10 吴佳琪

11 信息
11 邱曙逵
29 周邦
45 赵彬

12 通用
12 杨朝阳
43 杜华



输出所有的班级当中所有的课程数量
0 01 0 夏智
0 01 0 夏智
0 01 0 夏智
0 01 0 夏智
0 01 1 郝培德
0 01 1 郝培德
0 01 1 郝培德
0 01 1 郝培德
0 01 2 郭婷
0 01 2 郭婷
0 01 2 郭婷
0 01 2 郭婷
0 01 3 李友兴
0 01 3 李友兴
0 01 3 李友兴
0 01 4 夏如意
0 01 4 夏如意
0 01 4 夏如意
0 01 5 余林
0 01 5 余林
0 01 6 王瑞
0 01 6 王瑞
0 01 6 王瑞
0 01 7 吴红渠
0 01 7 吴红渠
0 01 7 吴红渠
0 01 8 杨胜
0 01 8 杨胜
0 01 8 杨胜
0 01 9 1
0 01 9 1
0 01 10 吴佳琪
0 01 11 邱曙逵
0 01 11 邱曙逵
0 01 12 杨朝阳
0 01 12 杨朝阳
1 02 13 许晶明
1 02 13 许晶明
1 02 13 许晶明
1 02 13 许晶明
1 02 14 周洁
1 02 14 周洁
1 02 14 周洁
1 02 14 周洁
1 02 15 张必安
1 02 15 张必安
1 02 15 张必安
1 02 15 张必安
1 02 16 张辉平
1 02 16 张辉平
1 02 16 张辉平
1 02 17 高艳
1 02 17 高艳
1 02 17 高艳
1 02 18 吴承玫
1 02 18 吴承玫
1 02 6 王瑞
1 02 6 王瑞
1 02 6 王瑞
1 02 19 杨冬明
1 02 19 杨冬明
1 02 19 杨冬明
1 02 20 方晔
1 02 20 方晔
1 02 20 方晔
1 02 21 2
1 02 21 2
1 02 10 吴佳琪
1 02 11 邱曙逵
1 02 11 邱曙逵
1 02 12 杨朝阳
1 02 12 杨朝阳
2 03 22 代莉
2 03 22 代莉
2 03 22 代莉
2 03 22 代莉
2 03 23 张志强
2 03 23 张志强
2 03 23 张志强
2 03 23 张志强
2 03 2 郭婷
2 03 2 郭婷
2 03 2 郭婷
2 03 2 郭婷
2 03 3 李友兴
2 03 3 李友兴
2 03 3 李友兴
2 03 4 夏如意
2 03 4 夏如意
2 03 4 夏如意
2 03 24 吴谦
2 03 24 吴谦
2 03 6 王瑞
2 03 6 王瑞
2 03 6 王瑞
2 03 7 吴红渠
2 03 7 吴红渠
2 03 7 吴红渠
2 03 8 杨胜
2 03 8 杨胜
2 03 8 杨胜
2 03 25 3
2 03 25 3
2 03 10 吴佳琪
2 03 11 邱曙逵
2 03 11 邱曙逵
2 03 12 杨朝阳
2 03 12 杨朝阳
3 04 13 许晶明
3 04 13 许晶明
3 04 13 许晶明
3 04 13 许晶明
3 04 26 胡满
3 04 26 胡满
3 04 26 胡满
3 04 26 胡满
3 04 15 张必安
3 04 15 张必安
3 04 15 张必安
3 04 15 张必安
3 04 16 张辉平
3 04 16 张辉平
3 04 16 张辉平
3 04 27 刘振
3 04 27 刘振
3 04 27 刘振
3 04 18 吴承玫
3 04 18 吴承玫
3 04 6 王瑞
3 04 6 王瑞
3 04 6 王瑞
3 04 19 杨冬明
3 04 19 杨冬明
3 04 19 杨冬明
3 04 20 方晔
3 04 20 方晔
3 04 20 方晔
3 04 28 4
3 04 28 4
3 04 10 吴佳琪
3 04 29 周邦
3 04 29 周邦
3 04 12 杨朝阳
3 04 12 杨朝阳
4 05 30 许国全
4 05 30 许国全
4 05 30 许国全
4 05 30 许国全
4 05 1 郝培德
4 05 1 郝培德
4 05 1 郝培德
4 05 1 郝培德
4 05 31 方梦婧
4 05 31 方梦婧
4 05 31 方梦婧
4 05 31 方梦婧
4 05 32 王畅
4 05 32 王畅
4 05 32 王畅
4 05 33 张强
4 05 33 张强
4 05 33 张强
4 05 5 余林
4 05 5 余林
4 05 34 曾子成
4 05 34 曾子成
4 05 34 曾子成
4 05 7 吴红渠
4 05 7 吴红渠
4 05 7 吴红渠
4 05 8 杨胜
4 05 8 杨胜
4 05 8 杨胜
4 05 35 5
4 05 35 5
4 05 10 吴佳琪
4 05 29 周邦
4 05 29 周邦
4 05 12 杨朝阳
4 05 12 杨朝阳
5 06 30 许国全
5 06 30 许国全
5 06 30 许国全
5 06 30 许国全
5 06 23 张志强
5 06 23 张志强
5 06 23 张志强
5 06 23 张志强
5 06 31 方梦婧
5 06 31 方梦婧
5 06 31 方梦婧
5 06 31 方梦婧
5 06 36 李成
5 06 36 李成
5 06 36 李成
5 06 27 刘振
5 06 27 刘振
5 06 27 刘振
5 06 18 吴承玫
5 06 18 吴承玫
5 06 34 曾子成
5 06 34 曾子成
5 06 34 曾子成
5 06 7 吴红渠
5 06 7 吴红渠
5 06 7 吴红渠
5 06 37 孙振宁
5 06 37 孙振宁
5 06 37 孙振宁
5 06 38 6
5 06 38 6
5 06 10 吴佳琪
5 06 29 周邦
5 06 29 周邦
5 06 12 杨朝阳
5 06 12 杨朝阳
6 07 39 李叶笛
6 07 39 李叶笛
6 07 39 李叶笛
6 07 39 李叶笛
6 07 40 楼雄鹏
6 07 40 楼雄鹏
6 07 40 楼雄鹏
6 07 40 楼雄鹏
6 07 41 周景升
6 07 41 周景升
6 07 41 周景升
6 07 41 周景升
6 07 3 李友兴
6 07 3 李友兴
6 07 3 李友兴
6 07 17 高艳
6 07 17 高艳
6 07 17 高艳
6 07 18 吴承玫
6 07 18 吴承玫
6 07 34 曾子成
6 07 34 曾子成
6 07 34 曾子成
6 07 19 杨冬明
6 07 19 杨冬明
6 07 19 杨冬明
6 07 37 孙振宁
6 07 37 孙振宁
6 07 37 孙振宁
6 07 42 7
6 07 42 7
6 07 10 吴佳琪
6 07 29 周邦
6 07 29 周邦
6 07 43 杜华
6 07 43 杜华
7 08 0 夏智
7 08 0 夏智
7 08 0 夏智
7 08 0 夏智
7 08 40 楼雄鹏
7 08 40 楼雄鹏
7 08 40 楼雄鹏
7 08 40 楼雄鹏
7 08 41 周景升
7 08 41 周景升
7 08 41 周景升
7 08 41 周景升
7 08 32 王畅
7 08 32 王畅
7 08 32 王畅
7 08 17 高艳
7 08 17 高艳
7 08 17 高艳
7 08 18 吴承玫
7 08 18 吴承玫
7 08 34 曾子成
7 08 34 曾子成
7 08 34 曾子成
7 08 19 杨冬明
7 08 19 杨冬明
7 08 19 杨冬明
7 08 20 方晔
7 08 20 方晔
7 08 20 方晔
7 08 44 8
7 08 44 8
7 08 10 吴佳琪
7 08 45 赵彬
7 08 45 赵彬
7 08 43 杜华
7 08 43 杜华
8 09 39 李叶笛
8 09 39 李叶笛
8 09 39 李叶笛
8 09 39 李叶笛
8 09 46 庞顺兴
8 09 46 庞顺兴
8 09 46 庞顺兴
8 09 46 庞顺兴
8 09 47 周似旦
8 09 47 周似旦
8 09 47 周似旦
8 09 47 周似旦
8 09 36 李成
8 09 36 李成
8 09 36 李成
8 09 48 朱又学
8 09 48 朱又学
8 09 48 朱又学
8 09 49 吴梦霞
8 09 49 吴梦霞
8 09 50 陆丹弘
8 09 50 陆丹弘
8 09 50 陆丹弘
8 09 51 徐俊全
8 09 51 徐俊全
8 09 51 徐俊全
8 09 37 孙振宁
8 09 37 孙振宁
8 09 37 孙振宁
8 09 52 9
8 09 52 9
8 09 10 吴佳琪
8 09 45 赵彬
8 09 45 赵彬
8 09 43 杜华
8 09 43 杜华
9 10 22 代莉
9 10 22 代莉
9 10 22 代莉
9 10 22 代莉
9 10 46 庞顺兴
9 10 46 庞顺兴
9 10 46 庞顺兴
9 10 46 庞顺兴
9 10 47 周似旦
9 10 47 周似旦
9 10 47 周似旦
9 10 47 周似旦
9 10 53 陈恺
9 10 53 陈恺
9 10 53 陈恺
9 10 33 张强
9 10 33 张强
9 10 33 张强
9 10 49 吴梦霞
9 10 49 吴梦霞
9 10 50 陆丹弘
9 10 50 陆丹弘
9 10 50 陆丹弘
9 10 51 徐俊全
9 10 51 徐俊全
9 10 51 徐俊全
9 10 54 杜持红
9 10 54 杜持红
9 10 54 杜持红
9 10 55 10
9 10 55 10
9 10 10 吴佳琪
9 10 45 赵彬
9 10 45 赵彬
9 10 43 杜华
9 10 43 杜华
10 11 56 汪洁
10 11 56 汪洁
10 11 56 汪洁
10 11 56 汪洁
10 11 57 弋宗江
10 11 57 弋宗江
10 11 57 弋宗江
10 11 57 弋宗江
10 11 58 葛岭佳
10 11 58 葛岭佳
10 11 58 葛岭佳
10 11 58 葛岭佳
10 11 53 陈恺
10 11 53 陈恺
10 11 53 陈恺
10 11 48 朱又学
10 11 48 朱又学
10 11 48 朱又学
10 11 24 吴谦
10 11 24 吴谦
10 11 50 陆丹弘
10 11 50 陆丹弘
10 11 50 陆丹弘
10 11 51 徐俊全
10 11 51 徐俊全
10 11 51 徐俊全
10 11 54 杜持红
10 11 54 杜持红
10 11 54 杜持红
10 11 59 11
10 11 59 11
10 11 10 吴佳琪
10 11 45 赵彬
10 11 45 赵彬
10 11 43 杜华
10 11 43 杜华
11 12 56 汪洁
11 12 56 汪洁
11 12 56 汪洁
11 12 56 汪洁
11 12 57 弋宗江
11 12 57 弋宗江
11 12 57 弋宗江
11 12 57 弋宗江
11 12 58 葛岭佳
11 12 58 葛岭佳
11 12 58 葛岭佳
11 12 58 葛岭佳
11 12 32 王畅
11 12 32 王畅
11 12 32 王畅
11 12 48 朱又学
11 12 48 朱又学
11 12 48 朱又学
11 12 24 吴谦
11 12 24 吴谦
11 12 50 陆丹弘
11 12 50 陆丹弘
11 12 50 陆丹弘
11 12 51 徐俊全
11 12 51 徐俊全
11 12 51 徐俊全
11 12 54 杜持红
11 12 54 杜持红
11 12 54 杜持红
11 12 60 12
11 12 60 12
11 12 10 吴佳琪
11 12 45 赵彬
11 12 45 赵彬
11 12 43 杜华
11 12 43 杜华


输出每个班级当中有哪些老师上课，上多少次课
class 0
0 01 夏智
0 01 夏智
0 01 夏智
0 01 夏智
0 01 郝培德
0 01 郝培德
0 01 郝培德
0 01 郝培德
0 01 郭婷
0 01 郭婷
0 01 郭婷
0 01 郭婷
0 01 李友兴
0 01 李友兴
0 01 李友兴
0 01 夏如意
0 01 夏如意
0 01 夏如意
0 01 余林
0 01 余林
0 01 王瑞
0 01 王瑞
0 01 王瑞
0 01 吴红渠
0 01 吴红渠
0 01 吴红渠
0 01 杨胜
0 01 杨胜
0 01 杨胜
0 01 1
0 01 1
0 01 吴佳琪
0 01 邱曙逵
0 01 邱曙逵
0 01 杨朝阳
0 01 杨朝阳

class 1
1 02 许晶明
1 02 许晶明
1 02 许晶明
1 02 许晶明
1 02 周洁
1 02 周洁
1 02 周洁
1 02 周洁
1 02 张必安
1 02 张必安
1 02 张必安
1 02 张必安
1 02 张辉平
1 02 张辉平
1 02 张辉平
1 02 高艳
1 02 高艳
1 02 高艳
1 02 吴承玫
1 02 吴承玫
1 02 王瑞
1 02 王瑞
1 02 王瑞
1 02 杨冬明
1 02 杨冬明
1 02 杨冬明
1 02 方晔
1 02 方晔
1 02 方晔
1 02 2
1 02 2
1 02 吴佳琪
1 02 邱曙逵
1 02 邱曙逵
1 02 杨朝阳
1 02 杨朝阳

class 2
2 03 代莉
2 03 代莉
2 03 代莉
2 03 代莉
2 03 张志强
2 03 张志强
2 03 张志强
2 03 张志强
2 03 郭婷
2 03 郭婷
2 03 郭婷
2 03 郭婷
2 03 李友兴
2 03 李友兴
2 03 李友兴
2 03 夏如意
2 03 夏如意
2 03 夏如意
2 03 吴谦
2 03 吴谦
2 03 王瑞
2 03 王瑞
2 03 王瑞
2 03 吴红渠
2 03 吴红渠
2 03 吴红渠
2 03 杨胜
2 03 杨胜
2 03 杨胜
2 03 3
2 03 3
2 03 吴佳琪
2 03 邱曙逵
2 03 邱曙逵
2 03 杨朝阳
2 03 杨朝阳

class 3
3 04 许晶明
3 04 许晶明
3 04 许晶明
3 04 许晶明
3 04 胡满
3 04 胡满
3 04 胡满
3 04 胡满
3 04 张必安
3 04 张必安
3 04 张必安
3 04 张必安
3 04 张辉平
3 04 张辉平
3 04 张辉平
3 04 刘振
3 04 刘振
3 04 刘振
3 04 吴承玫
3 04 吴承玫
3 04 王瑞
3 04 王瑞
3 04 王瑞
3 04 杨冬明
3 04 杨冬明
3 04 杨冬明
3 04 方晔
3 04 方晔
3 04 方晔
3 04 4
3 04 4
3 04 吴佳琪
3 04 周邦
3 04 周邦
3 04 杨朝阳
3 04 杨朝阳

class 4
4 05 许国全
4 05 许国全
4 05 许国全
4 05 许国全
4 05 郝培德
4 05 郝培德
4 05 郝培德
4 05 郝培德
4 05 方梦婧
4 05 方梦婧
4 05 方梦婧
4 05 方梦婧
4 05 王畅
4 05 王畅
4 05 王畅
4 05 张强
4 05 张强
4 05 张强
4 05 余林
4 05 余林
4 05 曾子成
4 05 曾子成
4 05 曾子成
4 05 吴红渠
4 05 吴红渠
4 05 吴红渠
4 05 杨胜
4 05 杨胜
4 05 杨胜
4 05 5
4 05 5
4 05 吴佳琪
4 05 周邦
4 05 周邦
4 05 杨朝阳
4 05 杨朝阳

class 5
5 06 许国全
5 06 许国全
5 06 许国全
5 06 许国全
5 06 张志强
5 06 张志强
5 06 张志强
5 06 张志强
5 06 方梦婧
5 06 方梦婧
5 06 方梦婧
5 06 方梦婧
5 06 李成
5 06 李成
5 06 李成
5 06 刘振
5 06 刘振
5 06 刘振
5 06 吴承玫
5 06 吴承玫
5 06 曾子成
5 06 曾子成
5 06 曾子成
5 06 吴红渠
5 06 吴红渠
5 06 吴红渠
5 06 孙振宁
5 06 孙振宁
5 06 孙振宁
5 06 6
5 06 6
5 06 吴佳琪
5 06 周邦
5 06 周邦
5 06 杨朝阳
5 06 杨朝阳

class 6
6 07 李叶笛
6 07 李叶笛
6 07 李叶笛
6 07 李叶笛
6 07 楼雄鹏
6 07 楼雄鹏
6 07 楼雄鹏
6 07 楼雄鹏
6 07 周景升
6 07 周景升
6 07 周景升
6 07 周景升
6 07 李友兴
6 07 李友兴
6 07 李友兴
6 07 高艳
6 07 高艳
6 07 高艳
6 07 吴承玫
6 07 吴承玫
6 07 曾子成
6 07 曾子成
6 07 曾子成
6 07 杨冬明
6 07 杨冬明
6 07 杨冬明
6 07 孙振宁
6 07 孙振宁
6 07 孙振宁
6 07 7
6 07 7
6 07 吴佳琪
6 07 周邦
6 07 周邦
6 07 杜华
6 07 杜华

class 7
7 08 夏智
7 08 夏智
7 08 夏智
7 08 夏智
7 08 楼雄鹏
7 08 楼雄鹏
7 08 楼雄鹏
7 08 楼雄鹏
7 08 周景升
7 08 周景升
7 08 周景升
7 08 周景升
7 08 王畅
7 08 王畅
7 08 王畅
7 08 高艳
7 08 高艳
7 08 高艳
7 08 吴承玫
7 08 吴承玫
7 08 曾子成
7 08 曾子成
7 08 曾子成
7 08 杨冬明
7 08 杨冬明
7 08 杨冬明
7 08 方晔
7 08 方晔
7 08 方晔
7 08 8
7 08 8
7 08 吴佳琪
7 08 赵彬
7 08 赵彬
7 08 杜华
7 08 杜华

class 8
8 09 李叶笛
8 09 李叶笛
8 09 李叶笛
8 09 李叶笛
8 09 庞顺兴
8 09 庞顺兴
8 09 庞顺兴
8 09 庞顺兴
8 09 周似旦
8 09 周似旦
8 09 周似旦
8 09 周似旦
8 09 李成
8 09 李成
8 09 李成
8 09 朱又学
8 09 朱又学
8 09 朱又学
8 09 吴梦霞
8 09 吴梦霞
8 09 陆丹弘
8 09 陆丹弘
8 09 陆丹弘
8 09 徐俊全
8 09 徐俊全
8 09 徐俊全
8 09 孙振宁
8 09 孙振宁
8 09 孙振宁
8 09 9
8 09 9
8 09 吴佳琪
8 09 赵彬
8 09 赵彬
8 09 杜华
8 09 杜华

class 9
9 10 代莉
9 10 代莉
9 10 代莉
9 10 代莉
9 10 庞顺兴
9 10 庞顺兴
9 10 庞顺兴
9 10 庞顺兴
9 10 周似旦
9 10 周似旦
9 10 周似旦
9 10 周似旦
9 10 陈恺
9 10 陈恺
9 10 陈恺
9 10 张强
9 10 张强
9 10 张强
9 10 吴梦霞
9 10 吴梦霞
9 10 陆丹弘
9 10 陆丹弘
9 10 陆丹弘
9 10 徐俊全
9 10 徐俊全
9 10 徐俊全
9 10 杜持红
9 10 杜持红
9 10 杜持红
9 10 10
9 10 10
9 10 吴佳琪
9 10 赵彬
9 10 赵彬
9 10 杜华
9 10 杜华

class 10
10 11 汪洁
10 11 汪洁
10 11 汪洁
10 11 汪洁
10 11 弋宗江
10 11 弋宗江
10 11 弋宗江
10 11 弋宗江
10 11 葛岭佳
10 11 葛岭佳
10 11 葛岭佳
10 11 葛岭佳
10 11 陈恺
10 11 陈恺
10 11 陈恺
10 11 朱又学
10 11 朱又学
10 11 朱又学
10 11 吴谦
10 11 吴谦
10 11 陆丹弘
10 11 陆丹弘
10 11 陆丹弘
10 11 徐俊全
10 11 徐俊全
10 11 徐俊全
10 11 杜持红
10 11 杜持红
10 11 杜持红
10 11 11
10 11 11
10 11 吴佳琪
10 11 赵彬
10 11 赵彬
10 11 杜华
10 11 杜华

class 11
11 12 汪洁
11 12 汪洁
11 12 汪洁
11 12 汪洁
11 12 弋宗江
11 12 弋宗江
11 12 弋宗江
11 12 弋宗江
11 12 葛岭佳
11 12 葛岭佳
11 12 葛岭佳
11 12 葛岭佳
11 12 王畅
11 12 王畅
11 12 王畅
11 12 朱又学
11 12 朱又学
11 12 朱又学
11 12 吴谦
11 12 吴谦
11 12 陆丹弘
11 12 陆丹弘
11 12 陆丹弘
11 12 徐俊全
11 12 徐俊全
11 12 徐俊全
11 12 杜持红
11 12 杜持红
11 12 杜持红
11 12 12
11 12 12
11 12 吴佳琪
11 12 赵彬
11 12 赵彬
11 12 杜华
11 12 杜华

